ÐòºÅ,´É×©ÑÕÉ«±àºÅ
1,2
2,6
3,11
4,17
5,11
6,17
7,11
8,6
9,11
10,10
11,11
12,17
13,11
14,10
15,11
16,2
17,11
18,11
19,11
20,9
21,2
22,10
23,14
24,22
25,11
26,2
27,19
28,10
29,11
30,17
31,18
32,10
33,2
34,9
35,11
36,1
37,14
38,6
39,3
40,17
41,19
42,10
43,3
44,2
45,7
46,22
47,3
48,3
49,12
50,5
51,2
52,5
53,7
54,2
55,19
56,3
57,21
58,10
59,5
60,21
61,7
62,3
63,3
64,3
65,3
66,20
67,21
68,16
69,16
70,16
71,20
72,20
73,20
74,19
75,22
76,20
77,19
78,9
79,22
80,9
81,18
82,11
83,19
84,22
85,22
86,18
87,11
88,11
89,9
90,11
91,9
92,11
93,11
94,10
95,11
96,22
97,11
98,22
99,21
100,17
101,21
102,9
103,2
104,10
105,14
106,10
107,19
108,17
109,3
110,9
111,11
112,10
113,22
114,3
115,10
116,10
117,11
118,19
119,11
120,19
121,18
122,19
123,17
124,19
125,17
126,6
127,3
128,10
129,10
130,21
131,22
132,10
133,19
134,12
135,11
136,10
137,19
138,21
139,19
140,22
141,22
142,9
143,17
144,22
145,17
146,18
147,17
148,17
149,6
150,9
151,22
152,4
153,9
154,19
155,21
156,10
157,10
158,11
159,17
160,11
161,9
162,9
163,19
164,11
165,17
166,19
167,19
168,22
169,4
170,22
171,4
172,11
173,11
174,19
175,20
176,19
177,9
178,18
179,9
180,18
181,20
182,22
183,18
184,18
185,18
186,16
187,22
188,19
189,22
190,19
191,21
192,19
193,12
194,12
195,13
196,13
197,16
198,16
199,16
200,16
