如果新增1个颜色的瓷砖，它们的颜色分别为：
(50,61,130)
如果新增2个颜色的瓷砖，它们的颜色分别为：
(203,24,111)
(38,58,42)
如果新增3个颜色的瓷砖，它们的颜色分别为：
(54,49,30)
(203,24,111)
(60,52,64)
如果新增4个颜色的瓷砖，它们的颜色分别为：
(62,59,64)
(55,28,90)
(59,49,38)
(219,13,92)
如果新增5个颜色的瓷砖，它们的颜色分别为：
(47,76,13)
(111,45,105)
(45,39,33)
(219,13,92)
(62,59,64)
如果新增6个颜色的瓷砖，它们的颜色分别为：
(137,114,65)
(219,13,92)
(62,59,64)
(2,24,12)
(111,45,105)
(20,17,15)
如果新增7个颜色的瓷砖，它们的颜色分别为：
(2,24,12)
(111,45,105)
(20,17,15)
(219,13,92)
(118,125,128)
(32,30,32)
(137,114,65)
如果新增8个颜色的瓷砖，它们的颜色分别为：
(2,24,12)
(217,11,33)
(118,125,128)
(20,17,15)
(111,45,105)
(32,30,32)
(137,114,65)
(30,151,228)
如果新增9个颜色的瓷砖，它们的颜色分别为：
(137,114,65)
(178,4,36)
(32,30,32)
(20,17,15)
(111,45,105)
(241,17,30)
(118,125,128)
(2,24,12)
(30,151,228)
如果新增10个颜色的瓷砖，它们的颜色分别为：
(146,144,99)
(178,4,36)
(32,30,32)
(20,17,15)
(111,45,105)
(241,17,30)
(118,125,128)
(2,24,12)
(30,151,228)
(128,75,34)
