0.581197 0.626016 0.640000
0.646825 0.650869 0.653543
0.436508 0.538618 0.582667
0.604167 0.616904 0.625328
0.394654 0.462264 0.525333
0.561508 0.582938 0.597113
0.376957 0.425056 0.473154
0.518849 0.548973 0.568898
0.367188 0.404514 0.441840
0.479167 0.515008 0.540682
0.360993 0.391489 0.421986
0.452482 0.482979 0.512467
0.862319 0.728495 0.703175
0.692568 0.686736 0.683048
0.305556 0.581197 0.626016
0.640000 0.646825 0.650869
0.323383 0.436508 0.538618
0.582667 0.604167 0.616904
0.327273 0.394654 0.462264
0.525333 0.561508 0.582938
0.328976 0.376957 0.425056
0.473154 0.518849 0.548973
0.329932 0.367188 0.404514
0.441840 0.479167 0.515008
0.952020 0.843434 0.771429
0.740991 0.724258 0.713675
0.085106 0.862319 0.728495
0.703175 0.692568 0.686736
0.216418 0.305556 0.581197
0.626016 0.640000 0.646825
0.262121 0.323383 0.436508
0.538618 0.582667 0.604167
0.282135 0.327273 0.394654
0.462264 0.525333 0.561508
0.293367 0.328976 0.376957
0.425056 0.473154 0.518849
0.970948 0.905199 0.839450
0.789414 0.761780 0.744302
0.044444 0.952020 0.843434
0.771429 0.740991 0.724258
0.124074 0.085106 0.862319
0.728495 0.703175 0.692568
0.196970 0.216418 0.305556
0.581197 0.626016 0.640000
0.235294 0.262121 0.323383
0.436508 0.538618 0.582667
0.256803 0.282135 0.327273
0.394654 0.462264 0.525333
0.979167 0.932018 0.884868
0.837719 0.799302 0.774929
0.030075 0.970948 0.905199
0.839450 0.789414 0.761780
0.083960 0.044444 0.952020
0.843434 0.771429 0.740991
0.137845 0.124074 0.085106
0.862319 0.728495 0.703175
0.188453 0.196970 0.216418
0.305556 0.581197 0.626016
0.220238 0.235294 0.262121
0.323383 0.436508 0.538618
0.983761 0.947009 0.910256
0.873504 0.836752 0.805556
0.022727 0.979167 0.932018
0.884868 0.837719 0.799302
0.063447 0.030075 0.970948
0.905199 0.839450 0.789414
0.104167 0.083960 0.044444
0.952020 0.843434 0.771429
0.144886 0.137845 0.124074
0.085106 0.862319 0.728495
0.183673 0.188453 0.196970
0.216418 0.305556 0.581197
1.000000 1.000000 1.000000
1.000000 1.000000 1.000000
1.000000 1.000000 1.000000
1.000000 1.000000 1.000000
1.000000 1.000000 1.000000
1.000000 1.000000 1.000000
1.000000 1.000000 1.000000
1.000000 1.000000 1.000000
1.000000 1.000000 1.000000
1.000000 1.000000 1.000000
1.000000 1.000000 1.000000
1.000000 1.000000 1.000000
0.534884 0.756098 0.840000
0.880952 0.905213 0.921260
0.380952 0.475610 0.656000
0.744048 0.796209 0.830709
0.632075 0.594340 0.656000
0.744048 0.796209 0.830709
0.738255 0.711409 0.711409
0.744048 0.796209 0.830709
0.796875 0.776042 0.776042
0.776042 0.796209 0.830709
0.834043 0.817021 0.817021
0.817021 0.817021 0.830709
0.767442 0.767442 0.840000
0.880952 0.905213 0.921260
0.546512 0.267442 0.496000
0.625000 0.701422 0.751969
0.632075 0.226415 0.312000
0.488095 0.592417 0.661417
0.738255 0.449664 0.422819
0.488095 0.592417 0.661417
0.796875 0.572917 0.552083
0.552083 0.592417 0.661417
0.834043 0.651064 0.634043
0.634043 0.634043 0.661417
0.844961 0.844961 0.844961
0.880952 0.905213 0.921260
0.697674 0.511628 0.511628
0.625000 0.701422 0.751969
0.697674 0.364341 0.178295
0.369048 0.497630 0.582677
0.738255 0.449664 0.161074
0.232143 0.388626 0.492126
0.796875 0.572917 0.348958
0.328125 0.388626 0.492126
0.834043 0.651064 0.468085
0.451064 0.451064 0.492126
0.883721 0.883721 0.883721
0.883721 0.905213 0.921260
0.773256 0.633721 0.633721
0.633721 0.701422 0.751969
0.773256 0.523256 0.383721
0.383721 0.497630 0.582677
0.773256 0.523256 0.273256
0.133721 0.293839 0.413386
0.796875 0.572917 0.348958
0.125000 0.184834 0.322835
0.834043 0.651064 0.468085
0.285106 0.268085 0.322835
0.906977 0.906977 0.906977
0.906977 0.906977 0.921260
0.818605 0.706977 0.706977
0.706977 0.706977 0.751969
0.818605 0.618605 0.506977
0.506977 0.506977 0.582677
0.818605 0.618605 0.418605
0.306977 0.306977 0.413386
0.818605 0.618605 0.418605
0.218605 0.106977 0.244094
0.834043 0.651064 0.468085
0.285106 0.102128 0.153543
0.152941 0.321569 0.490196
0.658824 0.827451 0.996078
0.247059 0.321569 0.490196
0.658824 0.827451 0.996078
0.415686 0.415686 0.490196
0.658824 0.827451 0.996078
0.584314 0.584314 0.584314
0.658824 0.827451 0.996078
0.752941 0.752941 0.752941
0.752941 0.827451 0.996078
0.921569 0.921569 0.921569
0.921569 0.921569 0.996078
0.168627 0.321569 0.490196
0.658824 0.827451 0.996078
0.247059 0.321569 0.490196
0.658824 0.827451 0.996078
0.415686 0.415686 0.490196
0.658824 0.827451 0.996078
0.584314 0.584314 0.584314
0.658824 0.827451 0.996078
0.752941 0.752941 0.752941
0.752941 0.827451 0.996078
0.921569 0.921569 0.921569
0.921569 0.921569 0.996078
0.337255 0.337255 0.490196
0.658824 0.827451 0.996078
0.337255 0.337255 0.490196
0.658824 0.827451 0.996078
0.415686 0.415686 0.490196
0.658824 0.827451 0.996078
0.584314 0.584314 0.584314
0.658824 0.827451 0.996078
0.752941 0.752941 0.752941
0.752941 0.827451 0.996078
0.921569 0.921569 0.921569
0.921569 0.921569 0.996078
0.505882 0.505882 0.505882
0.658824 0.827451 0.996078
0.505882 0.505882 0.505882
0.658824 0.827451 0.996078
0.505882 0.505882 0.505882
0.658824 0.827451 0.996078
0.584314 0.584314 0.584314
0.658824 0.827451 0.996078
0.752941 0.752941 0.752941
0.752941 0.827451 0.996078
0.921569 0.921569 0.921569
0.921569 0.921569 0.996078
0.674510 0.674510 0.674510
0.674510 0.827451 0.996078
0.674510 0.674510 0.674510
0.674510 0.827451 0.996078
0.674510 0.674510 0.674510
0.674510 0.827451 0.996078
0.674510 0.674510 0.674510
0.674510 0.827451 0.996078
0.752941 0.752941 0.752941
0.752941 0.827451 0.996078
0.921569 0.921569 0.921569
0.921569 0.921569 0.996078
0.843137 0.843137 0.843137
0.843137 0.843137 0.996078
0.843137 0.843137 0.843137
0.843137 0.843137 0.996078
0.843137 0.843137 0.843137
0.843137 0.843137 0.996078
0.843137 0.843137 0.843137
0.843137 0.843137 0.996078
0.843137 0.843137 0.843137
0.843137 0.843137 0.996078
0.921569 0.921569 0.921569
0.921569 0.921569 0.996078
