0.466931 0.405797 0.581699
0.574811 0.387778 0.459547
0.650919 0.441919 0.573988
0.558915 0.604269 0.428205
0.546007 0.434626 0.586449
0.407658 0.504878 0.394017
0.455939 0.424162 0.668981
0.455026 0.367568 0.416667
0.536496 0.346065 0.684096
0.590278 0.543651 0.371124
0.452137 0.394118 0.668889
0.504831 0.532129 0.389303
0.462607 0.451477 0.655229
0.447154 0.500000 0.333333
0.346801 0.685417 0.609195
0.548077 0.270609 0.649123
0.680036 0.587156 0.572607
0.524416 0.534014 0.682692
0.688819 0.415493 0.703163
0.543912 0.725877 0.670683
0.580952 0.300000 0.607034
0.465174 0.657407 0.264516
0.508130 0.187075 0.370031
0.449405 0.980263 0.754821
0.416667 0.697154 0.603030
0.679878 0.176829 0.554965
0.928962 0.730576 0.869048
0.663194 0.442810 0.361472
0.407658 0.379630 0.818182
0.731838 0.562016 0.479365
0.261111 0.764706 0.740372
0.120690 0.844444 0.248447
0.804762 0.334770 0.645833
0.231343 0.754386 0.670868
0.201042 0.307971 0.804196
0.711253 0.086957 0.000000
0.168627 0.237963 0.307598
0.538012 0.168142 0.496212
0.276596 0.886275 0.139831
0.571895 0.878676 0.401961
0.223368 0.284314 0.904762
0.702830 0.460094 0.264411
0.620370 0.742908 0.144231
0.092141 0.165584 0.828829
0.788462 0.869697 0.066978
0.049242 0.913043 0.771478
0.011828 0.925000 0.116667
0.657658 0.233596 0.103641
0.456284 0.966867 0.924603
0.846561 0.136752 0.189024
0.098684 0.164825 0.835586
0.032567 0.021680 0.228495
0.789326 0.237374 0.064626
0.947917 0.025926 0.986702
0.820513 0.822493 0.854565
0.092593 0.869198 0.090604
0.105556 0.804598 0.952763
0.077778 0.786036 0.181202
0.937500 0.152482 0.210784
0.203526 0.889228 0.949541
0.264368 0.953757 0.060714
0.206061 0.790960 0.116972
0.853846 0.827309 0.133333
0.163136 0.833333 0.076000
0.062706 0.049550 0.163102
0.874269 0.901961 0.927673
0.953390 0.086370 0.996047
0.991379 0.974522 0.977778
0.967742 0.976303 0.947761
0.904110 0.959641 0.955556
0.948598 0.921986 0.941176
0.946939 0.934498 0.902439
0.927602 0.915493 0.901554
0.904306 0.867470 0.840000
0.885167 0.747475 0.835366
0.837209 0.921687 0.881633
0.736842 0.851485 0.866667
0.845771 0.707547 0.676471
0.715517 0.802395 0.821053
0.822917 0.846473 0.689076
0.644860 0.849802 0.717391
0.707965 0.580000 0.553191
0.930000 0.811966 0.861751
0.707792 0.817814 0.773399
0.738693 0.520000 0.827225
0.559055 0.810651 0.716738
0.921212 0.560811 0.676329
0.870536 0.612360 0.647343
0.705882 0.933735 0.621212
0.597561 0.586022 0.592593
0.974359 0.896296 0.625000
0.557823 0.567010 0.694915
0.901099 0.519337 0.693182
0.764368 0.456522 0.342857
0.523077 0.450292 0.611570
0.362416 0.640777 0.795918
0.560870 0.500000 0.562500
0.819277 0.992095 0.763158
0.782609 0.829897 0.972222
0.491525 0.440367 0.452703
0.987013 0.493776 0.993789
0.444444 0.922581 0.638211
0.351145 0.278195 0.634328
0.857143 0.544000 0.295337
0.818841 0.391111 0.271676
0.594406 0.825175 0.260204
0.931507 0.367965 0.906542
0.500000 0.993548 0.445378
0.304721 0.554167 0.097297
0.429224 0.608187 0.715116
0.890173 0.210227 0.801762
0.617978 0.591160 0.241758
0.628415 0.438914 0.828877
0.427807 0.909091 0.164444
0.531381 0.629630 0.244000
0.873684 0.442105 0.331579
0.204188 0.405941 0.791667
0.942708 0.766839 0.901554
0.634021 0.510288 0.723577
0.410788 0.490000 0.950495
0.220588 0.912621 0.712329
0.566820 0.747619 0.900000
0.745283 0.702830 0.420561
0.487395 0.846154 0.945946
0.303279 0.719665 0.355556
0.417778 0.278689 0.416000
0.719298 0.475983 0.117886
0.752174 0.608696 0.225410
0.236000 0.912134 0.271967
1.000000 0.705394 0.979253
0.403292 0.512295 0.821138
0.898785 0.757085 0.229839
0.476000 0.844622 0.929134
0.972441 0.992157 0.909804
0.615686 0.705882 0.607843
0.827451 0.525490 0.286275
0.874510 0.882353 0.839216
0.552941 0.800000 0.960784
0.898039 0.643137 0.866667
0.835294 0.756863 0.819608
0.650980 0.588235 0.819608
0.388235 0.643137 0.674510
0.650980 0.960784 0.447059
0.792157 0.882353 0.788235
0.415686 0.400000 0.454902
0.654902 0.745098 0.752941
0.945098 0.466667 0.419608
0.992157 0.541176 0.443137
0.392157 0.368627 0.392157
0.917647 0.850980 0.603922
0.968627 0.796078 0.780392
0.392157 0.749020 0.498039
0.662745 0.913725 0.647059
0.580392 0.811765 0.878431
0.698039 0.811765 1.000000
0.650980 0.776471 0.321569
0.729412 0.741176 0.305882
0.529412 0.815686 0.576471
0.760784 0.925490 0.356863
0.709804 0.345098 0.682353
0.360784 0.549020 0.764706
0.670588 0.949020 0.584314
0.403922 0.768627 0.901961
0.823529 0.627451 0.650980
0.992157 0.447059 0.450980
0.760784 0.564706 0.925490
0.854902 0.580392 0.905882
0.945098 0.631373 0.811765
0.607843 0.964706 0.513725
0.521569 0.525490 0.823529
0.980392 0.756863 0.541176
0.882353 0.678431 0.560784
0.560784 0.768627 0.572549
0.905882 0.839216 0.933333
0.607843 0.933333 0.913725
0.941176 0.725490 0.858824
0.670588 0.674510 0.678431
0.690196 0.890196 0.698039
0.709804 0.713725 0.717647
0.866667 0.733333 0.733333
0.733333 0.882353 0.937255
0.741176 0.980392 0.745098
0.745098 0.745098 0.749020
0.792157 0.752941 0.752941
0.756863 0.756863 0.760784
0.952941 0.964706 0.945098
0.784314 0.792157 0.800000
0.807843 0.858824 0.850980
0.823529 0.823529 0.831373
0.831373 0.839216 0.933333
0.866667 0.870588 0.956863
0.937255 0.882353 0.882353
0.956863 0.980392 0.894118
0.898039 0.964706 0.901961
0.901961 0.956863 0.980392
0.937255 0.937255 0.976471
0.945098 0.945098 0.952941
0.956863 0.964706 0.968627
0.968627 0.972549 0.980392
0.984314 0.996078 0.996078
