0.000000 0.000000 0.000000
0.156821 0.321429 0.574423
0.412821 0.928571 0.094771
0.072464 0.731373 0.500000
0.904971 0.139013 0.250700
0.546252 0.071895 0.500000
0.153846 0.542328 0.052381
0.800725 0.000000 0.000000
1.000000 0.963415 0.636364
0.854839 0.550847 0.258197
1.000000 0.519774 0.590278
0.950450 1.000000 0.874510
1.000000 0.924779 1.000000
0.004950 0.305882 0.260331
0.140562 0.235897 0.000000
1.000000 1.000000 0.964706
0.690196 0.729412 0.462745
0.956863 1.000000 0.694118
0.564706 0.870588 0.894118
1.000000 0.933333 0.886275
1.000000 0.792157 1.000000
0.949020 0.976471 0.764706
